replay_version 2.0
stopped_at 690
seed 100
recorded_at 2023-04-11 07:49:02 +0100
[:mouse_button_up, 1, 0, 1, 1, 4]
[:key_down_raw, 1073741903, 0, 2, 2, 43]
[:key_up_raw, 1073741903, 0, 2, 3, 69]
[:key_down_raw, 1073741906, 0, 2, 4, 70]
[:key_down_raw, 1073741903, 0, 2, 5, 94]
[:key_up_raw, 1073741906, 0, 2, 6, 96]
[:key_down_raw, 1073741905, 0, 2, 7, 126]
[:key_up_raw, 1073741903, 0, 2, 8, 127]
[:key_down_raw, 1073741903, 0, 2, 9, 138]
[:key_up_raw, 1073741905, 0, 2, 10, 139]
[:key_up_raw, 1073741903, 0, 2, 11, 152]
[:key_down_raw, 1073741905, 0, 2, 12, 159]
[:key_up_raw, 1073741905, 0, 2, 13, 167]
[:key_down_raw, 1073741903, 0, 2, 14, 182]
[:key_up_raw, 1073741903, 0, 2, 15, 199]
[:key_down_raw, 1073741905, 0, 2, 16, 205]
[:key_up_raw, 1073741905, 0, 2, 17, 211]
[:key_down_raw, 1073741903, 0, 2, 18, 217]
[:key_down_raw, 1073741905, 0, 2, 19, 230]
[:key_up_raw, 1073741903, 0, 2, 20, 231]
[:key_up_raw, 1073741905, 0, 2, 21, 249]
[:key_down_raw, 1073741904, 0, 2, 22, 258]
[:key_up_raw, 1073741904, 0, 2, 23, 265]
[:key_down_raw, 1073741905, 0, 2, 24, 274]
[:key_up_raw, 1073741905, 0, 2, 25, 278]
[:key_down_raw, 1073741904, 0, 2, 26, 280]
[:key_up_raw, 1073741904, 0, 2, 27, 303]
[:key_down_raw, 1073741904, 0, 2, 28, 315]
[:key_down_raw, 1073741904, 0, 2, 29, 346]
[:key_down_raw, 1073741904, 0, 2, 30, 348]
[:key_down_raw, 1073741904, 0, 2, 31, 350]
[:key_down_raw, 1073741904, 0, 2, 32, 352]
[:key_down_raw, 1073741904, 0, 2, 33, 353]
[:key_up_raw, 1073741904, 0, 2, 34, 354]
[:key_down_raw, 1073741903, 0, 2, 35, 363]
[:key_up_raw, 1073741903, 0, 2, 36, 368]
[:key_down_raw, 1073741906, 0, 2, 37, 371]
[:key_up_raw, 1073741906, 0, 2, 38, 383]
[:key_down_raw, 1073741903, 0, 2, 39, 388]
[:key_up_raw, 1073741903, 0, 2, 40, 395]
[:key_down_raw, 1073741906, 0, 2, 41, 398]
[:key_down_raw, 1073741903, 0, 2, 42, 423]
[:key_up_raw, 1073741906, 0, 2, 43, 424]
[:key_up_raw, 1073741903, 0, 2, 44, 438]
[:key_down_raw, 1073741903, 0, 2, 45, 445]
[:key_up_raw, 1073741903, 0, 2, 46, 453]
[:key_down_raw, 1073741903, 0, 2, 47, 461]
[:key_up_raw, 1073741903, 0, 2, 48, 470]
[:key_down_raw, 1073741903, 0, 2, 49, 472]
[:key_up_raw, 1073741903, 0, 2, 50, 485]
[:key_down_raw, 1073741905, 0, 2, 51, 496]
[:key_up_raw, 1073741905, 0, 2, 52, 502]
[:key_down_raw, 1073741903, 0, 2, 53, 513]
[:key_up_raw, 1073741903, 0, 2, 54, 520]
[:key_down_raw, 1073741905, 0, 2, 55, 525]
[:key_down_raw, 1073741905, 0, 2, 56, 556]
[:key_down_raw, 1073741905, 0, 2, 57, 558]
[:key_down_raw, 1073741905, 0, 2, 58, 559]
[:key_down_raw, 1073741905, 0, 2, 59, 561]
[:key_down_raw, 1073741905, 0, 2, 60, 563]
[:key_down_raw, 1073741905, 0, 2, 61, 565]
[:key_down_raw, 1073741905, 0, 2, 62, 567]
[:key_up_raw, 1073741905, 0, 2, 63, 569]
[:key_down_raw, 96, 0, 2, 64, 585]
[:key_up_raw, 96, 0, 2, 65, 589]
[:mouse_move, 925, 139, 2, 66, 615]
[:mouse_move, 933, 131, 2, 67, 616]
[:mouse_move, 942, 122, 2, 68, 617]
[:mouse_move, 953, 114, 2, 69, 617]
[:mouse_move, 964, 107, 2, 70, 618]
[:mouse_move, 963, 107, 2, 71, 626]
[:mouse_move, 961, 108, 2, 72, 626]
[:mouse_move, 954, 109, 2, 73, 627]
[:mouse_move, 950, 110, 2, 74, 627]
[:mouse_move, 947, 110, 2, 75, 628]
[:mouse_move, 945, 111, 2, 76, 628]
[:mouse_move, 944, 111, 2, 77, 629]
[:mouse_move, 944, 112, 2, 78, 630]
[:mouse_move, 944, 113, 2, 79, 631]
[:mouse_move, 943, 115, 2, 80, 631]
[:mouse_move, 943, 116, 2, 81, 632]
[:mouse_move, 942, 117, 2, 82, 632]
[:mouse_move, 942, 119, 2, 83, 633]
[:mouse_move, 940, 120, 2, 84, 633]
[:mouse_move, 940, 122, 2, 85, 634]
[:mouse_move, 939, 123, 2, 86, 634]
[:mouse_move, 938, 125, 2, 87, 635]
[:mouse_move, 938, 127, 2, 88, 635]
[:mouse_move, 938, 129, 2, 89, 636]
[:mouse_move, 937, 132, 2, 90, 636]
[:mouse_move, 937, 136, 2, 91, 637]
[:mouse_move, 936, 143, 2, 92, 637]
[:mouse_move, 935, 149, 2, 93, 638]
[:mouse_move, 933, 160, 2, 94, 638]
[:mouse_move, 931, 170, 2, 95, 639]
[:mouse_move, 930, 175, 2, 96, 639]
[:mouse_move, 926, 183, 2, 97, 640]
[:mouse_move, 917, 203, 2, 98, 640]
[:mouse_move, 915, 207, 2, 99, 641]
[:mouse_move, 902, 228, 2, 100, 641]
[:mouse_move, 888, 248, 2, 101, 642]
[:mouse_move, 863, 287, 2, 102, 642]
[:mouse_move, 830, 336, 2, 103, 643]
[:mouse_move, 806, 370, 2, 104, 643]
[:mouse_move, 760, 433, 2, 105, 644]
[:mouse_move, 721, 494, 2, 106, 644]
[:mouse_move, 676, 566, 2, 107, 645]
[:mouse_move, 662, 588, 2, 108, 645]
[:mouse_move, 651, 605, 2, 109, 646]
[:mouse_move, 646, 611, 2, 110, 646]
[:mouse_move, 644, 613, 2, 111, 647]
[:mouse_move, 642, 614, 2, 112, 647]
[:mouse_move, 642, 613, 2, 113, 652]
[:mouse_move, 642, 611, 2, 114, 652]
[:mouse_move, 642, 609, 2, 115, 653]
[:mouse_move, 642, 608, 2, 116, 653]
[:mouse_move, 640, 605, 2, 117, 654]
[:mouse_move, 640, 602, 2, 118, 654]
[:mouse_move, 639, 600, 2, 119, 655]
[:mouse_move, 637, 595, 2, 120, 655]
[:mouse_move, 637, 589, 2, 121, 656]
[:mouse_move, 637, 581, 2, 122, 656]
[:mouse_move, 636, 576, 2, 123, 657]
[:mouse_move, 636, 569, 2, 124, 657]
[:mouse_move, 636, 562, 2, 125, 658]
[:mouse_move, 639, 546, 2, 126, 658]
[:mouse_move, 639, 541, 2, 127, 659]
[:mouse_move, 639, 539, 2, 128, 659]
[:mouse_move, 639, 538, 2, 129, 660]
[:mouse_move, 639, 539, 2, 130, 664]
[:mouse_move, 639, 540, 2, 131, 670]
[:key_down_raw, 13, 0, 2, 132, 690]
