replay_version 2.0
stopped_at 773
seed 100
recorded_at 2023-02-08 21:19:57 +0000
[:mouse_button_up, 1, 0, 1, 1, 5]
[:key_down_raw, 1073741903, 0, 2, 2, 73]
[:key_down_raw, 1073741903, 0, 2, 3, 104]
[:key_down_raw, 1073741903, 0, 2, 4, 105]
[:key_down_raw, 1073741903, 0, 2, 5, 107]
[:key_down_raw, 1073741905, 0, 2, 6, 109]
[:key_up_raw, 1073741903, 0, 2, 7, 114]
[:key_up_raw, 1073741905, 0, 2, 8, 125]
[:key_down_raw, 1073741906, 0, 2, 9, 149]
[:key_down_raw, 1073741906, 0, 2, 10, 179]
[:key_down_raw, 1073741906, 0, 2, 11, 181]
[:key_down_raw, 1073741906, 0, 2, 12, 183]
[:key_down_raw, 1073741906, 0, 2, 13, 185]
[:key_down_raw, 1073741906, 0, 2, 14, 187]
[:key_down_raw, 1073741903, 0, 2, 15, 188]
[:key_up_raw, 1073741906, 0, 2, 16, 202]
[:key_down_raw, 1073741905, 0, 2, 17, 220]
[:key_up_raw, 1073741903, 0, 2, 18, 223]
[:key_up_raw, 1073741905, 0, 2, 19, 233]
[:key_down_raw, 1073741903, 0, 2, 20, 234]
[:key_down_raw, 1073741903, 0, 2, 21, 264]
[:key_down_raw, 1073741903, 0, 2, 22, 266]
[:key_down_raw, 1073741903, 0, 2, 23, 268]
[:key_down_raw, 1073741905, 0, 2, 24, 269]
[:key_up_raw, 1073741903, 0, 2, 25, 270]
[:key_up_raw, 1073741905, 0, 2, 26, 289]
[:key_down_raw, 1073741905, 0, 2, 27, 304]
[:key_down_raw, 1073741903, 0, 2, 28, 322]
[:key_up_raw, 1073741905, 0, 2, 29, 325]
[:key_down_raw, 1073741906, 0, 2, 30, 355]
[:key_up_raw, 1073741903, 0, 2, 31, 359]
[:key_down_raw, 1073741904, 0, 2, 32, 384]
[:key_up_raw, 1073741906, 0, 2, 33, 386]
[:key_up_raw, 1073741904, 0, 2, 34, 397]
[:key_down_raw, 1073741906, 0, 2, 35, 412]
[:key_up_raw, 1073741906, 0, 2, 36, 427]
[:key_down_raw, 1073741904, 0, 2, 37, 441]
[:key_up_raw, 1073741904, 0, 2, 38, 455]
[:key_down_raw, 96, 0, 2, 39, 517]
[:key_up_raw, 96, 0, 2, 40, 522]
[:mouse_move, 910, 136, 2, 41, 566]
[:mouse_move, 919, 129, 2, 42, 567]
[:mouse_move, 929, 121, 2, 43, 568]
[:mouse_move, 959, 105, 2, 44, 569]
[:mouse_move, 981, 98, 2, 45, 570]
[:mouse_move, 1005, 94, 2, 46, 571]
[:mouse_move, 1028, 92, 2, 47, 572]
[:mouse_move, 1051, 91, 2, 48, 573]
[:mouse_move, 1059, 91, 2, 49, 574]
[:mouse_move, 1068, 91, 2, 50, 575]
[:mouse_move, 1072, 91, 2, 51, 576]
[:mouse_move, 1079, 91, 2, 52, 577]
[:mouse_move, 1088, 92, 2, 53, 578]
[:mouse_move, 1094, 94, 2, 54, 579]
[:mouse_move, 1097, 95, 2, 55, 580]
[:mouse_move, 1101, 97, 2, 56, 581]
[:mouse_move, 1103, 99, 2, 57, 582]
[:mouse_move, 1103, 101, 2, 58, 583]
[:mouse_move, 1103, 103, 2, 59, 584]
[:mouse_move, 1102, 107, 2, 60, 585]
[:mouse_move, 1101, 110, 2, 61, 586]
[:mouse_move, 1098, 114, 2, 62, 587]
[:mouse_move, 1094, 117, 2, 63, 588]
[:mouse_move, 1089, 120, 2, 64, 589]
[:mouse_move, 1086, 123, 2, 65, 590]
[:mouse_move, 1080, 126, 2, 66, 591]
[:mouse_move, 1077, 127, 2, 67, 592]
[:mouse_move, 1075, 128, 2, 68, 593]
[:mouse_move, 1074, 128, 2, 69, 594]
[:mouse_move, 1072, 128, 2, 70, 595]
[:mouse_move, 1070, 128, 2, 71, 596]
[:mouse_move, 1067, 128, 2, 72, 597]
[:mouse_move, 1061, 129, 2, 73, 598]
[:mouse_move, 1051, 129, 2, 74, 599]
[:mouse_move, 1039, 131, 2, 75, 600]
[:mouse_move, 1030, 132, 2, 76, 601]
[:mouse_move, 1023, 133, 2, 77, 602]
[:mouse_move, 1018, 134, 2, 78, 603]
[:mouse_move, 1008, 135, 2, 79, 604]
[:mouse_move, 1001, 136, 2, 80, 605]
[:mouse_move, 995, 136, 2, 81, 606]
[:mouse_move, 987, 137, 2, 82, 607]
[:mouse_move, 980, 137, 2, 83, 608]
[:mouse_move, 967, 137, 2, 84, 609]
[:mouse_move, 962, 137, 2, 85, 610]
[:mouse_move, 957, 137, 2, 86, 611]
[:mouse_move, 953, 137, 2, 87, 612]
[:mouse_move, 952, 137, 2, 88, 613]
[:mouse_move, 952, 137, 2, 89, 614]
[:mouse_move, 952, 137, 2, 90, 618]
[:mouse_move, 953, 137, 2, 91, 619]
[:mouse_move, 956, 137, 2, 92, 620]
[:mouse_move, 964, 137, 2, 93, 621]
[:mouse_move, 971, 137, 2, 94, 622]
[:mouse_move, 981, 137, 2, 95, 623]
[:mouse_move, 988, 136, 2, 96, 624]
[:mouse_move, 998, 136, 2, 97, 625]
[:mouse_move, 1005, 135, 2, 98, 626]
[:mouse_move, 1022, 134, 2, 99, 627]
[:mouse_move, 1033, 133, 2, 100, 628]
[:mouse_move, 1040, 133, 2, 101, 629]
[:mouse_move, 1050, 132, 2, 102, 630]
[:mouse_move, 1056, 132, 2, 103, 631]
[:mouse_move, 1069, 131, 2, 104, 632]
[:mouse_move, 1076, 131, 2, 105, 633]
[:mouse_move, 1082, 131, 2, 106, 634]
[:mouse_move, 1088, 131, 2, 107, 635]
[:mouse_move, 1092, 131, 2, 108, 636]
[:mouse_move, 1094, 131, 2, 109, 637]
[:mouse_move, 1096, 131, 2, 110, 638]
[:mouse_move, 1099, 131, 2, 111, 639]
[:mouse_move, 1100, 131, 2, 112, 640]
[:mouse_move, 1102, 131, 2, 113, 641]
[:mouse_move, 1101, 131, 2, 114, 646]
[:mouse_move, 1100, 131, 2, 115, 647]
[:mouse_move, 1095, 131, 2, 116, 648]
[:mouse_move, 1087, 131, 2, 117, 649]
[:mouse_move, 1072, 131, 2, 118, 650]
[:mouse_move, 1059, 131, 2, 119, 651]
[:mouse_move, 1047, 131, 2, 120, 652]
[:mouse_move, 1033, 131, 2, 121, 653]
[:mouse_move, 1017, 131, 2, 122, 654]
[:mouse_move, 1010, 131, 2, 123, 655]
[:mouse_move, 1005, 132, 2, 124, 656]
[:mouse_move, 1002, 132, 2, 125, 657]
[:mouse_move, 1000, 133, 2, 126, 658]
[:mouse_move, 997, 135, 2, 127, 659]
[:mouse_move, 994, 137, 2, 128, 660]
[:mouse_move, 989, 141, 2, 129, 661]
[:mouse_move, 982, 147, 2, 130, 662]
[:mouse_move, 970, 157, 2, 131, 663]
[:mouse_move, 961, 164, 2, 132, 664]
[:mouse_move, 948, 173, 2, 133, 665]
[:mouse_move, 940, 178, 2, 134, 666]
[:mouse_move, 933, 182, 2, 135, 667]
[:mouse_move, 930, 183, 2, 136, 668]
[:mouse_move, 930, 183, 2, 137, 669]
[:mouse_move, 930, 184, 2, 138, 679]
[:mouse_move, 923, 193, 2, 139, 680]
[:mouse_move, 894, 232, 2, 140, 681]
[:mouse_move, 850, 284, 2, 141, 682]
[:mouse_move, 804, 341, 2, 142, 683]
[:mouse_move, 751, 397, 2, 143, 684]
[:mouse_move, 689, 454, 2, 144, 685]
[:mouse_move, 583, 541, 2, 145, 686]
[:mouse_move, 521, 587, 2, 146, 687]
[:mouse_move, 480, 615, 2, 147, 688]
[:mouse_move, 445, 637, 2, 148, 689]
[:mouse_move, 434, 645, 2, 149, 690]
[:mouse_move, 432, 646, 2, 150, 691]
[:mouse_move, 433, 645, 2, 151, 701]
[:mouse_move, 436, 643, 2, 152, 702]
[:mouse_move, 438, 641, 2, 153, 703]
[:mouse_move, 448, 633, 2, 154, 704]
[:mouse_move, 451, 631, 2, 155, 705]
[:mouse_move, 455, 628, 2, 156, 706]
[:mouse_move, 457, 627, 2, 157, 707]
[:mouse_move, 457, 626, 2, 158, 708]
[:mouse_button_pressed, 1, 0, 1, 159, 712]
[:mouse_button_up, 1, 0, 1, 160, 719]
[:mouse_move, 457, 626, 2, 161, 721]
[:mouse_move, 456, 627, 2, 162, 722]
[:mouse_move, 456, 627, 2, 163, 723]
[:key_down_raw, 13, 0, 2, 164, 773]
